Nr,TID,PID,x [cm],y [cm],t [sec],I [val],Len [cm],D2S [cm],D2R [cm],D2P [cm],v [cm/sec],α [deg],Δα [deg]
1,1,1,586.778,289.653,0,177.9,0,0,NA,NA,NA,NA,NA
2,1,2,585.459,289.653,0,185.9,1.319,1.319,NA,1.319,NA,180,NA
3,1,3,585.459,289.653,0,185.9,1.319,1.319,NA,0,NA,0,-180
4,1,4,585.459,288.774,0,191.6,2.198,1.585,NA,0.879,NA,-90,-90
5,1,5,585.459,288.774,0,189.6,2.198,1.585,NA,0,NA,0,90
6,1,6,584.141,288.334,0,188.6,3.588,2.948,NA,1.39,NA,-161.565,-161.565
7,1,7,582.822,287.895,0,185.2,4.978,4.329,NA,1.39,NA,-161.565,0
8,1,8,581.064,287.455,0,179,6.79,6.122,NA,1.812,NA,-165.964,-4.399
9,1,9,581.504,290.532,0,145.2,9.898,5.347,NA,3.108,NA,81.87,-112.166
10,1,10,581.064,291.411,0,152.6,10.881,5.978,NA,0.983,NA,116.565,34.695
11,1,11,581.064,292.29,0,141.7,11.76,6.293,NA,0.879,NA,90,-26.565
12,1,12,580.185,293.609,0,156,13.344,7.689,NA,1.585,NA,123.69,33.69
13,1,13,580.332,292.876,0,169.9,14.091,7.207,NA,0.747,NA,-78.69,157.62
14,1,14,577.401,292.583,0,180.4,17.036,9.824,NA,2.945,NA,-174.289,-95.599
15,1,15,575.936,291.997,0,188.5,18.614,11.092,NA,1.578,NA,-158.199,16.091
16,1,16,572.42,293.169,0,189.6,22.321,14.782,NA,3.706,NA,161.565,-40.236
17,1,17,570.662,292.876,0,183.5,24.103,16.435,NA,1.782,NA,-170.538,27.897
18,1,18,567.146,294.341,0,170.6,27.912,20.185,NA,3.809,NA,157.38,-32.082
19,1,19,562.75,294.048,0,152.5,32.318,24.427,NA,4.405,NA,-176.186,26.434
20,1,20,558.355,291.704,0,161.9,37.299,28.497,NA,4.981,NA,-151.928,24.258
21,1,21,553.373,287.602,0,168.4,43.752,33.468,NA,6.453,NA,-140.528,11.4
22,1,22,548.978,287.016,0,168.8,48.186,37.892,NA,4.434,NA,-172.405,-31.878
23,1,23,545.169,288.188,0,125.4,52.172,41.635,NA,3.986,NA,162.897,-24.697
24,1,24,534.913,290.532,0,154.3,62.692,51.872,NA,10.52,NA,167.125,4.228
25,1,25,528.173,291.118,0,203.6,69.457,58.623,NA,6.765,NA,175.03,7.905
26,1,26,522.313,292.29,0,192.9,75.434,64.519,NA,5.977,NA,168.69,-6.34
27,1,27,515.28,294.341,0,199.2,82.759,71.651,NA,7.326,NA,163.74,-4.95
28,1,28,511.764,294.341,0,139.7,86.275,75.16,NA,3.516,NA,180,16.26
29,1,29,505.318,294.048,0,165.1,92.729,81.579,NA,6.453,NA,-177.397,2.603
30,2,1,627.508,294.341,0,177.8,0,0,NA,NA,NA,NA,NA
31,2,2,626.043,293.169,0,188.2,1.876,1.876,NA,1.876,NA,-141.34,NA
32,2,3,626.043,293.755,0,188.2,2.462,1.578,NA,0.586,NA,90,-128.66
33,2,4,626.043,293.755,0,188.2,2.462,1.578,NA,0,NA,0,-90
34,2,5,626.043,293.755,0,188.2,2.462,1.578,NA,0,NA,0,0
35,2,6,626.043,293.755,0,188.2,2.462,1.578,NA,0,NA,0,0
36,2,7,626.043,293.755,0,188.2,2.462,1.578,NA,0,NA,0,0
37,2,8,625.75,294.048,0,173.1,2.877,1.782,NA,0.414,NA,135,135
38,2,9,625.457,294.341,0,176.8,3.291,2.051,NA,0.414,NA,135,0
39,2,10,625.164,294.634,0,176.8,3.705,2.362,NA,0.414,NA,135,0
40,2,11,624.578,295.806,0,161.8,5.016,3.276,NA,1.31,NA,116.565,-18.435
41,2,12,624.578,295.806,0,174.2,5.016,3.276,NA,0,NA,0,-116.565
42,2,13,623.113,296.686,0,126.9,6.725,4.981,NA,1.709,NA,149.036,149.036
43,2,14,623.113,296.686,0,155.6,6.725,4.981,NA,0,NA,0,-149.036
44,2,15,621.941,296.686,0,157,7.897,6.041,NA,1.172,NA,180,180
45,2,16,618.718,296.686,0,140.6,11.12,9.098,NA,3.223,NA,180,0
46,2,17,615.787,296.686,0,183.8,14.05,11.953,NA,2.93,NA,180,0
47,2,18,609.341,295.806,0,185.9,20.556,18.226,NA,6.506,NA,-172.235,7.765
48,2,19,602.601,295.806,0,136.3,27.296,24.95,NA,6.74,NA,180,-7.765
49,2,20,599.378,294.927,0,146.6,30.637,28.136,NA,3.341,NA,-164.745,15.255
50,2,21,595.276,291.997,0,157.2,35.678,32.318,NA,5.041,NA,-144.462,20.283
51,2,22,591.759,291.704,0,133.9,39.207,35.846,NA,3.528,NA,-175.236,-30.774
52,2,23,588.536,291.997,0,146.6,42.443,39.042,NA,3.237,NA,174.806,-9.958
53,2,24,584.727,293.169,0,142.8,46.429,42.797,NA,3.986,NA,162.897,-11.908
54,2,25,582.969,294.341,0,180,48.542,44.539,NA,2.113,NA,146.31,-16.587
55,2,26,581.504,294.341,0,195.8,50.007,46.005,NA,1.465,NA,180,33.69
56,2,27,579.452,295.22,0,179.1,52.238,48.064,NA,2.232,NA,156.801,-23.199
57,2,28,575.936,296.099,0,177.1,55.863,51.602,NA,3.624,NA,165.964,9.162
58,2,29,565.973,296.393,0,149.1,65.83,61.569,NA,9.967,NA,178.315,12.352
59,3,1,612.564,243.355,0,121.7,0,0,NA,NA,NA,NA,NA
60,3,2,612.564,242.476,0,156.2,0.879,0.879,NA,0.879,NA,-90,NA
61,3,3,612.564,242.476,0,88,0.879,0.879,NA,0,NA,0,90
62,3,4,612.564,241.89,0,122.9,1.465,1.465,NA,0.586,NA,-90,-90
63,3,5,612.271,241.597,0,101.7,1.88,1.782,NA,0.414,NA,-135,-45
64,3,6,611.978,241.597,0,128.7,2.173,1.853,NA,0.293,NA,180,-45
65,3,7,611.392,241.597,0,142.7,2.759,2.113,NA,0.586,NA,180,0
66,3,8,611.099,241.597,0,188.2,3.052,2.289,NA,0.293,NA,180,0
67,3,9,609.634,243.648,0,147,5.572,2.945,NA,2.521,NA,125.538,-54.462
68,3,10,609.341,243.648,0,179.7,5.865,3.237,NA,0.293,NA,180,54.462
69,3,11,607.583,245.114,0,176.4,8.154,5.283,NA,2.289,NA,140.194,-39.806
70,3,12,606.704,245.407,0,178.6,9.081,6.209,NA,0.927,NA,161.565,21.371
71,3,13,604.652,246.872,0,181.2,11.601,8.658,NA,2.521,NA,144.462,-17.103
72,3,14,602.308,247.751,0,162.6,14.105,11.158,NA,2.504,NA,159.444,14.982
73,3,15,599.671,247.751,0,150.9,16.742,13.622,NA,2.637,NA,180,20.556
74,3,16,596.741,246.872,0,150.7,19.801,16.209,NA,3.059,NA,-163.301,16.699
75,3,17,593.811,246.286,0,65,22.789,18.981,NA,2.988,NA,-168.69,-5.389
76,3,18,590.294,243.648,0,115.7,27.185,22.272,NA,4.395,NA,-143.13,25.56
77,3,19,586.485,241.597,0,188.9,31.511,26.138,NA,4.326,NA,-151.699,-8.569
78,3,20,583.262,240.718,0,161.6,34.852,29.421,NA,3.341,NA,-164.745,-13.046
79,3,21,580.039,241.011,0,177.6,38.089,32.61,NA,3.237,NA,174.806,-20.45
80,3,22,576.229,241.89,0,177.4,41.998,36.364,NA,3.909,NA,167.005,-7.8
81,3,23,572.713,243.355,0,142.8,45.807,39.851,NA,3.809,NA,157.38,-9.625
82,3,24,569.197,245.407,0,127.7,49.878,43.416,NA,4.071,NA,149.744,-7.637
83,3,25,564.801,246.872,0,136.9,54.511,47.892,NA,4.633,NA,161.565,11.821
84,3,26,560.699,248.337,0,61.1,58.867,52.104,NA,4.356,NA,160.346,-1.219
85,3,27,554.839,248.923,0,164.7,64.757,57.993,NA,5.89,NA,174.289,13.943
86,3,28,547.513,247.458,0,117.1,72.228,65.18,NA,7.471,NA,-168.69,17.021
87,3,29,541.066,245.7,0,33.5,78.91,71.536,NA,6.682,NA,-164.745,3.945
88,3,30,532.862,241.89,0,176.4,87.956,79.716,NA,9.046,NA,-155.095,9.65
