Nr,TID,PID,x [cm],y [cm],t [sec],I [val],Len [cm],D2S [cm],D2R [cm],D2P [cm],v [cm/sec],? [deg],?? [deg]
1,1,1,593.271,298.194,0,170.8,0,0,NA,NA,NA,NA,NA
2,1,2,593.865,298.491,0,162.5,0.664,0.664,NA,0.664,NA,26.565,NA
3,1,3,595.052,298.194,0,154.6,1.888,1.781,NA,1.224,NA,-14.036,-40.601
4,1,4,595.349,297.303,0,156.6,2.827,2.261,NA,0.939,NA,-71.565,-57.529
5,1,5,596.536,294.632,0,172.3,5.75,4.832,NA,2.924,NA,-66.038,5.528
6,1,6,598.317,294.038,0,175.6,7.628,6.538,NA,1.877,NA,-18.435,47.603
7,1,7,598.614,293.444,0,168.4,8.292,7.149,NA,0.664,NA,-63.435,-45
8,1,8,599.802,292.554,0,186.2,9.776,8.629,NA,1.484,NA,-36.87,26.565
9,1,9,599.802,294.335,0,175.6,11.557,7.586,NA,1.781,NA,90,126.87
10,1,10,599.802,296.71,0,174.6,13.932,6.697,NA,2.375,NA,90,0
11,1,11,599.802,298.788,0,165.4,16.01,6.558,NA,2.078,NA,90,0
12,1,12,599.505,299.381,0,189.7,16.674,6.346,NA,0.664,NA,116.565,26.565
13,1,13,599.505,300.569,0,169.5,17.861,6.671,NA,1.187,NA,90,-26.565
14,1,14,600.692,303.241,0,155,20.785,8.975,NA,2.924,NA,66.038,-23.962
15,1,15,602.177,302.35,0,170.2,22.516,9.828,NA,1.731,NA,-30.964,-97.001
16,1,16,606.333,302.053,0,182.4,26.682,13.62,NA,4.167,NA,-4.086,26.878
17,1,17,611.676,302.053,0,188.3,32.026,18.805,NA,5.343,NA,0,4.086
18,1,18,615.238,302.053,0,195.3,35.588,22.304,NA,3.562,NA,0,0
19,1,19,622.363,302.053,0,181.8,42.713,29.347,NA,7.125,NA,0,0
20,1,20,630.081,302.053,0,150.5,50.431,37.012,NA,7.718,NA,0,0
21,1,21,640.174,298.194,0,190.1,61.237,46.904,NA,10.806,NA,-20.925,-20.925
22,1,22,650.861,293.444,0,192.1,72.932,57.786,NA,11.695,NA,-23.962,-3.038
23,1,23,658.877,293.741,0,183.8,80.952,65.757,NA,8.021,NA,2.121,26.084
24,1,24,667.189,294.038,0,175.8,89.27,74.034,NA,8.317,NA,2.045,-0.076
25,1,25,674.313,294.929,0,168.5,96.45,81.108,NA,7.18,NA,7.125,5.08
26,1,26,683.219,295.522,0,162.8,105.375,89.988,NA,8.926,NA,3.814,-3.311
27,1,27,691.234,294.632,0,182.4,113.44,98.028,NA,8.064,NA,-6.34,-10.154
28,1,28,701.921,299.085,0,188.6,125.017,108.654,NA,11.577,NA,22.62,28.96
29,1,29,709.936,304.131,0,178.1,134.489,116.816,NA,9.472,NA,32.196,9.576
30,2,1,635.425,301.459,0,187.6,0,0,NA,NA,NA,NA,NA
31,2,2,635.425,301.905,0,187.6,0.445,0.445,NA,0.445,NA,90,NA
32,2,3,635.425,301.905,0,187.6,0.445,0.445,NA,0,NA,0,-90
33,2,4,637.206,301.014,0,199.9,2.437,1.836,NA,1.991,NA,-26.565,-26.565
34,2,5,637.206,300.569,0,196.8,2.882,1.991,NA,0.445,NA,-90,-63.435
35,2,6,638.542,299.678,0,152.4,4.487,3.59,NA,1.606,NA,-33.69,56.31
36,2,7,639.432,297.007,0,162.8,7.304,5.991,NA,2.816,NA,-71.565,-37.875
37,2,8,640.323,297.007,0,158.1,8.194,6.62,NA,0.891,NA,0,71.565
38,2,9,643.44,297.452,0,172.3,11.343,8.961,NA,3.149,NA,8.13,8.13
39,2,10,645.221,298.788,0,147.7,13.569,10.154,NA,2.226,NA,36.87,28.74
40,2,11,647.447,301.459,0,124.9,17.047,12.023,NA,3.478,NA,50.194,13.325
41,2,12,649.229,302.795,0,106,19.274,13.868,NA,2.226,NA,36.87,-13.325
42,2,13,653.681,302.795,0,172.3,23.726,18.306,NA,4.453,NA,0,-36.87
43,2,14,657.244,303.241,0,154.7,27.317,21.892,NA,3.59,NA,7.125,7.125
44,2,15,662.142,303.686,0,167.8,32.235,26.81,NA,4.918,NA,5.194,-1.931
45,2,16,664.814,299.233,0,166.6,37.428,29.473,NA,5.193,NA,-59.036,-64.231
46,2,17,670.157,298.342,0,172.4,42.845,34.872,NA,5.417,NA,-9.462,49.574
47,2,18,677.282,298.342,0,168.6,49.97,41.973,NA,7.125,NA,0,9.462
48,2,19,682.18,298.342,0,187.4,54.868,46.859,NA,4.898,NA,0,0
49,2,20,683.516,298.342,0,169.1,56.204,48.192,NA,1.336,NA,0,0
50,2,21,683.961,298.342,0,183.9,56.649,48.636,NA,0.445,NA,0,0
51,2,22,691.086,296.561,0,161.7,63.993,55.876,NA,7.344,NA,-14.036,-14.036
52,2,23,696.874,296.116,0,157.4,69.799,61.682,NA,5.806,NA,-4.399,9.638
53,2,24,704.444,294.335,0,154.8,77.575,69.386,NA,7.777,NA,-13.241,-8.842
54,2,25,716.467,289.882,0,186.2,90.396,81.865,NA,12.821,NA,-20.323,-7.083
55,2,26,723.146,290.772,0,156,97.134,88.37,NA,6.738,NA,7.595,27.918
56,2,27,736.06,294.335,0,149,110.53,100.887,NA,13.396,NA,15.422,7.828
57,2,28,744.52,296.116,0,159.5,119.176,109.226,NA,8.646,NA,11.889,-3.534
58,2,29,748.528,298.342,0,157.1,123.76,113.146,NA,4.585,NA,29.055,17.166
59,3,1,622.511,250.697,0,16.2,0,0,NA,NA,NA,NA,NA
60,3,2,622.511,251.142,0,78.6,0.445,0.445,NA,0.445,NA,90,NA
61,3,3,623.402,251.142,0,100.7,1.336,0.996,NA,0.891,NA,0,-90
62,3,4,623.402,251.142,0,10.2,1.336,0.996,NA,0,NA,0,0
63,3,5,623.402,247.58,0,105.5,4.898,3.242,NA,3.562,NA,-90,-90
64,3,6,623.402,245.353,0,133.5,7.125,5.417,NA,2.226,NA,-90,0
65,3,7,623.402,245.353,0,79.7,7.125,5.417,NA,0,NA,0,90
66,3,8,624.293,245.353,0,52.1,8.015,5.632,NA,0.891,NA,0,0
67,3,9,624.293,246.244,0,41.2,8.906,4.796,NA,0.891,NA,90,90
68,3,10,625.628,249.361,0,19.3,12.297,3.391,NA,3.391,NA,66.801,-23.199
69,3,11,625.628,250.251,0,184.7,13.188,3.149,NA,0.891,NA,90,23.199
70,3,12,626.074,252.478,0,105.6,15.458,3.983,NA,2.271,NA,78.69,-11.31
71,3,13,626.964,255.15,0,103.4,18.274,6.297,NA,2.816,NA,71.565,-7.125
72,3,14,630.972,256.04,0,164.9,22.38,10.007,NA,4.105,NA,12.529,-59.036
73,3,15,636.761,256.04,0,180.3,28.168,15.218,NA,5.789,NA,0,-12.529
74,3,16,642.995,253.368,0,169.4,34.951,20.657,NA,6.782,NA,-23.199,-23.199
75,3,17,650.119,253.368,0,46.1,42.075,27.737,NA,7.125,NA,0,23.199
76,3,18,657.244,250.251,0,94,49.852,34.735,NA,7.777,NA,-23.629,-23.629
77,3,19,667.04,248.916,0,68.7,59.739,44.564,NA,9.887,NA,-7.765,15.864
78,3,20,676.836,245.798,0,136.1,70.019,54.545,NA,10.28,NA,-17.65,-9.885
79,3,21,686.633,242.681,0,116.3,80.299,64.62,NA,10.28,NA,-17.65,0
80,3,22,692.421,242.236,0,84.2,86.105,70.42,NA,5.806,NA,-4.399,13.251
81,3,23,701.327,238.229,0,107.8,95.871,79.796,NA,9.766,NA,-24.228,-19.829
82,3,24,707.116,238.229,0,122.8,101.66,85.518,NA,5.789,NA,0,24.228
83,3,25,712.905,238.229,0,120.8,107.449,91.249,NA,5.789,NA,0,0
84,3,26,718.693,237.338,0,57.7,113.306,97.105,NA,5.857,NA,-8.746,-8.746
85,3,27,723.146,237.338,0,60.1,117.758,101.518,NA,4.453,NA,0,8.746
86,3,28,730.271,237.783,0,161.8,124.897,108.53,NA,7.138,NA,3.576,3.576
