Nr,TID,PID,x [cm],y [cm],t [sec],I [val],Len [cm],D2S [cm],D2R [cm],D2P [cm],v [cm/sec],? [deg],?? [deg]
1,1,1,678.993,345.948,0,28.5,0,0,NA,NA,NA,NA,NA
2,1,2,678.993,345.948,0,28.5,0,0,NA,0,NA,0,NA
3,1,3,679.341,345.948,0,27.5,0.349,0.349,NA,0.349,NA,0,0
4,1,4,679.341,345.948,0,27.7,0.349,0.349,NA,0,NA,0,0
5,1,5,679.341,345.599,0,25.4,0.697,0.493,NA,0.349,NA,-90,-90
6,1,6,680.039,342.809,0,25,3.573,3.308,NA,2.876,NA,-75.964,14.036
7,1,7,680.039,342.809,0,23.8,3.573,3.308,NA,0,NA,0,75.964
8,1,8,678.993,343.158,0,25.4,4.676,2.79,NA,1.103,NA,161.565,161.565
9,1,9,677.598,344.553,0,27.8,6.649,1.973,NA,1.973,NA,135,-26.565
10,1,10,677.598,349.784,0,23.1,11.88,4.082,NA,5.231,NA,90,-45
11,1,11,677.598,352.574,0,27.9,14.67,6.771,NA,2.79,NA,90,0
12,1,12,683.178,355.364,0,23.1,20.908,10.304,NA,6.238,NA,26.565,-63.435
13,1,13,684.224,355.364,0,29.2,21.954,10.771,NA,1.046,NA,0,-26.565
14,1,14,691.896,353.272,0,14.9,29.907,14.837,NA,7.952,NA,-15.255,-15.255
15,1,15,694.337,352.574,0,24.2,32.446,16.714,NA,2.539,NA,-15.945,-0.69
16,1,16,700.266,349.784,0,25,38.998,21.616,NA,6.552,NA,-25.201,-9.256
17,1,17,704.799,348.389,0,32.6,43.741,25.922,NA,4.743,NA,-17.103,8.098
18,1,18,710.03,346.994,0,33.3,49.155,31.055,NA,5.414,NA,-14.931,2.171
19,1,19,719.446,346.994,0,21.8,58.571,40.467,NA,9.416,NA,0,14.931
20,1,20,727.119,345.251,0,36.1,66.439,48.131,NA,7.868,NA,-12.804,-12.804
21,1,21,735.14,344.553,0,39.2,74.49,56.164,NA,8.051,NA,-4.97,7.835
22,1,22,745.95,344.553,0,28.7,85.301,66.972,NA,10.811,NA,0,4.97
23,1,23,758.156,344.902,0,16,97.512,79.17,NA,12.211,NA,1.637,1.637
24,1,24,771.06,345.599,0,28.5,110.434,92.067,NA,12.922,NA,3.094,1.457
25,1,25,782.568,347.343,0,29.1,122.074,103.585,NA,11.64,NA,8.616,5.522
26,1,26,790.589,348.389,0,24.4,130.163,111.623,NA,8.089,NA,7.431,-1.184
27,1,27,798.61,352.225,0,24.3,139.054,119.782,NA,8.891,NA,25.56,18.129
28,1,28,803.841,352.225,0,21.1,144.285,125.006,NA,5.231,NA,0,-25.56
29,1,29,809.421,353.272,0,27.6,149.962,130.633,NA,5.677,NA,10.62,10.62
30,1,30,812.559,353.969,0,31.4,153.177,133.807,NA,3.215,NA,12.529,1.909
31,1,31,817.674,354.55,0,27.6,158.325,138.948,NA,5.148,NA,6.483,-6.046
32,1,32,819.534,355.015,0,16.1,160.242,140.834,NA,1.917,NA,14.036,7.553
33,1,33,826.044,355.015,0,37.3,166.752,147.33,NA,6.51,NA,0,-14.036
34,1,34,833.484,355.015,0,30.3,174.191,154.757,NA,7.44,NA,0,0
35,1,35,839.528,355.945,0,29.3,180.307,160.847,NA,6.116,NA,8.746,8.746
36,1,36,844.178,356.875,0,28.9,185.049,165.547,NA,4.742,NA,11.31,2.564
37,1,37,848.363,356.875,0,25.6,189.234,169.723,NA,4.185,NA,0,-11.31
38,1,38,851.618,356.875,0,24.6,192.489,172.971,NA,3.255,NA,0,0
39,1,39,855.803,355.945,0,15.1,196.776,177.093,NA,4.287,NA,-12.529,-12.529
40,1,40,858.593,354.085,0,11.2,200.129,179.784,NA,3.353,NA,-33.69,-21.161
41,1,41,863.243,352.69,0,16.8,204.984,184.373,NA,4.855,NA,-16.699,16.991
42,1,42,867.427,348.04,0,15.7,211.239,188.446,NA,6.256,NA,-48.013,-31.314
43,2,1,726.537,348.04,0,20.5,0,0,NA,NA,NA,NA,NA
44,2,2,726.537,348.04,0,23,0,0,NA,0,NA,0,NA
45,2,3,726.537,348.04,0,24.3,0,0,NA,0,NA,0,0
46,2,4,727.932,348.04,0,18.5,1.395,1.395,NA,1.395,NA,0,0
47,2,5,729.327,347.575,0,16.2,2.865,2.828,NA,1.47,NA,-18.435,-18.435
48,2,6,731.652,346.181,0,23,5.577,5.442,NA,2.711,NA,-30.964,-12.529
49,2,7,733.047,346.181,0,27.8,6.972,6.77,NA,1.395,NA,0,30.964
50,2,8,734.907,346.181,0,23,8.832,8.574,NA,1.86,NA,0,0
51,2,9,734.907,346.645,0,29,9.297,8.485,NA,0.465,NA,90,90
52,2,10,734.907,348.505,0,27.6,11.156,8.383,NA,1.86,NA,90,0
53,2,11,735.837,348.97,0,25.5,12.196,9.346,NA,1.04,NA,26.565,-63.435
54,2,12,738.627,350.83,0,21.5,15.549,12.407,NA,3.353,NA,33.69,7.125
55,2,13,743.277,351.295,0,27.8,20.222,17.053,NA,4.673,NA,5.711,-27.979
56,2,14,748.857,352.225,0,25.5,25.879,22.708,NA,5.657,NA,9.462,3.752
57,2,15,751.646,352.225,0,27.6,28.669,25.455,NA,2.79,NA,0,-9.462
58,2,16,756.296,352.225,0,27.5,33.319,30.052,NA,4.65,NA,0,0
59,2,17,764.666,352.225,0,25.3,41.689,38.358,NA,8.37,NA,0,0
60,2,18,767.921,352.225,0,23.9,44.943,41.595,NA,3.255,NA,0,0
61,2,19,773.966,352.225,0,21,50.988,47.613,NA,6.045,NA,0,0
62,2,20,776.291,353.155,0,22.2,53.492,50.015,NA,2.504,NA,21.801,21.801
63,2,21,783.265,353.155,0,28.8,60.467,56.958,NA,6.975,NA,0,-21.801
64,2,22,788.845,353.155,0,20.9,66.047,62.517,NA,5.58,NA,0,0
65,2,23,798.145,351.76,0,26.5,75.45,71.704,NA,9.404,NA,-8.531,-8.531
66,2,24,805.585,348.04,0,24.1,83.768,79.047,NA,8.318,NA,-26.565,-18.034
67,2,25,814.884,346.181,0,17.5,93.252,88.367,NA,9.484,NA,-11.31,15.255
68,2,26,827.439,345.716,0,21.9,105.815,100.928,NA,12.563,NA,-2.121,9.189
69,2,27,837.203,341.996,0,22.7,116.265,110.831,NA,10.449,NA,-20.854,-18.733
70,2,28,844.643,344.786,0,17.1,124.21,118.151,NA,7.946,NA,20.556,41.411
71,2,29,855.803,346.645,0,16.1,135.524,129.273,NA,11.314,NA,9.462,-11.094
72,2,30,866.032,346.645,0,26.4,145.753,139.502,NA,10.23,NA,0,-9.462
73,2,31,874.867,353.62,0,17.5,157.01,148.435,NA,11.256,NA,38.29,38.29
74,2,32,878.122,355.015,0,17.6,160.551,151.745,NA,3.541,NA,23.199,-15.092
75,2,33,881.842,355.015,0,17.6,164.271,155.461,NA,3.72,NA,0,-23.199
76,2,34,887.422,355.015,0,11.8,169.85,161.036,NA,5.58,NA,0,0
77,2,35,894.397,353.155,0,17.6,177.069,167.937,NA,7.218,NA,-14.931,-14.931
78,2,36,899.046,353.155,0,27.9,181.719,172.585,NA,4.65,NA,0,14.931
79,2,37,902.301,353.155,0,25.2,184.974,175.838,NA,3.255,NA,0,0
80,2,38,904.161,353.155,0,22.1,186.834,177.697,NA,1.86,NA,0,0
81,2,39,904.626,350.83,0,18.2,189.205,178.111,NA,2.371,NA,-78.69,-78.69
82,2,40,905.091,349.435,0,17.3,190.675,178.559,NA,1.47,NA,-71.565,7.125
83,2,41,906.951,345.716,0,20.5,194.834,180.429,NA,4.159,NA,-63.435,8.13
84,2,42,909.276,345.716,0,20.5,197.159,182.753,NA,2.325,NA,0,63.435
85,3,1,705.148,275.503,0,9,0,0,NA,NA,NA,NA,NA
86,3,2,706.078,275.503,0,17,0.93,0.93,NA,0.93,NA,0,NA
87,3,3,707.008,274.573,0,52,2.245,2.079,NA,1.315,NA,-45,-45
88,3,4,707.938,274.573,0,22.5,3.175,2.941,NA,0.93,NA,0,45
89,3,5,707.938,273.643,0,77.3,4.105,3.353,NA,0.93,NA,-90,-90
90,3,6,709.333,273.643,0,131.2,5.5,4.58,NA,1.395,NA,0,90
91,3,7,710.728,275.038,0,126.2,7.473,5.599,NA,1.973,NA,45,45
92,3,8,711.193,276.898,0,33.2,9.39,6.204,NA,1.917,NA,75.964,30.964
93,3,9,712.123,278.758,0,174.1,11.469,7.697,NA,2.079,NA,63.435,-12.529
94,3,10,712.588,281.548,0,155.4,14.298,9.586,NA,2.828,NA,80.538,17.103
95,3,11,713.053,285.268,0,85.9,18.047,12.563,NA,3.749,NA,82.875,2.337
96,3,12,713.053,289.917,0,87.8,22.696,16.44,NA,4.65,NA,90,7.125
97,3,13,714.913,291.777,0,193.5,25.327,18.979,NA,2.63,NA,45,-45
98,3,14,720.958,292.707,0,186.9,31.443,23.365,NA,6.116,NA,8.746,-36.254
99,3,15,728.397,293.172,0,105.4,38.897,29.202,NA,7.454,NA,3.576,-5.17
100,3,16,734.442,293.172,0,95.1,44.942,34.21,NA,6.045,NA,0,-3.576
101,3,17,742.347,291.312,0,27.7,53.062,40.419,NA,8.121,NA,-13.241,-13.241
102,3,18,751.646,286.663,0,81,63.46,47.819,NA,10.397,NA,-26.565,-13.325
103,3,19,759.086,283.873,0,18.3,71.405,54.584,NA,7.946,NA,-20.556,6.009
104,3,20,767.456,278.758,0,157.6,81.214,62.393,NA,9.809,NA,-31.43,-10.874
105,3,21,773.501,275.038,0,156.2,88.312,68.354,NA,7.098,NA,-31.608,-0.178
106,3,22,780.94,270.853,0,118.5,96.848,75.935,NA,8.536,NA,-29.358,2.25
107,3,23,786.985,266.668,0,137.9,104.2,82.313,NA,7.352,NA,-34.695,-5.337
108,3,24,792.565,265.738,0,20.4,109.857,87.961,NA,5.657,NA,-9.462,25.233
109,3,25,798.145,265.738,0,159.3,115.436,93.508,NA,5.58,NA,0,9.462
110,3,26,803.725,267.598,0,185.7,121.318,98.893,NA,5.882,NA,18.435,18.435
111,3,27,807.445,268.993,0,34.4,125.291,102.503,NA,3.973,NA,20.556,2.121
112,3,28,813.954,275.503,0,105.3,134.497,108.806,NA,9.206,NA,45,24.444
113,3,29,818.139,279.223,0,39.1,140.096,113.052,NA,5.599,NA,41.634,-3.366
114,3,30,824.649,282.478,0,45.3,147.374,119.704,NA,7.278,NA,26.565,-15.068
115,3,31,830.694,288.058,0,23,155.601,126.172,NA,8.226,NA,42.709,16.144
116,3,32,837.668,288.987,0,26.4,162.637,133.205,NA,7.036,NA,7.595,-35.115
117,3,33,848.363,289.452,0,7.6,173.342,143.893,NA,10.705,NA,2.49,-5.105
118,3,34,855.338,289.452,0,23.7,180.317,150.836,NA,6.975,NA,0,-2.49
119,3,35,860.918,289.452,0,27.5,185.897,156.393,NA,5.58,NA,0,0
120,3,36,867.427,288.987,0,59,192.423,162.839,NA,6.526,NA,-4.086,-4.086
121,3,37,874.402,285.733,0,81.2,200.12,169.563,NA,7.697,NA,-25.017,-20.931
122,3,38,878.122,278.758,0,84.7,208.025,173.005,NA,7.905,NA,-61.928,-36.911
123,3,39,881.842,276.433,0,8,212.411,176.696,NA,4.387,NA,-32.005,29.922
124,3,40,885.562,274.108,0,36.6,216.798,180.419,NA,4.387,NA,-32.005,0
125,3,41,890.212,270.388,0,26.2,222.753,185.134,NA,5.955,NA,-38.66,-6.654
126,3,42,892.072,272.248,0,22.7,225.383,186.952,NA,2.63,NA,45,83.66
