Nr,TID,PID,x [cm],y [cm],t [sec],I [val],Len [cm],D2S [cm],D2R [cm],D2P [cm],v [cm/sec],? [deg],?? [deg]
1,1,2,559.253,281.089,0,171,0,0,NA,NA,NA,NA,NA
2,1,3,560.298,281.089,0,167.5,1.045,1.045,NA,1.045,NA,0,NA
3,1,4,560.298,281.089,0,174.5,1.045,1.045,NA,0,NA,0,0
4,1,5,561.969,281.089,0,162,2.717,2.717,NA,1.672,NA,0,0
5,1,6,564.268,277.536,0,163.1,6.949,6.147,NA,4.232,NA,-57.095,-57.095
6,1,7,565.104,276.909,0,164.2,7.993,7.191,NA,1.045,NA,-36.87,20.225
7,1,8,567.194,276.7,0,169.9,10.094,9.074,NA,2.1,NA,-5.711,31.159
8,1,9,568.657,276.491,0,153.9,11.572,10.468,NA,1.478,NA,-8.13,-2.42
9,1,10,569.702,276.491,0,166.6,12.616,11.416,NA,1.045,NA,0,8.13
10,1,11,570.12,277.327,0,176,13.551,11.5,NA,0.935,NA,63.435,63.435
11,1,12,570.956,281.298,0,192,17.609,11.705,NA,4.058,NA,78.111,14.676
12,1,13,571.374,284.224,0,162.7,20.564,12.52,NA,2.956,NA,81.87,3.759
13,1,14,571.792,285.478,0,191,21.886,13.285,NA,1.322,NA,71.565,-10.305
14,1,15,572.837,287.777,0,188.6,24.411,15.141,NA,2.525,NA,65.556,-6.009
15,1,16,574.718,289.031,0,184,26.672,17.385,NA,2.261,NA,33.69,-31.866
16,1,17,579.942,288.613,0,183.7,31.913,22.015,NA,5.241,NA,-4.574,-38.264
17,1,18,583.913,288.404,0,173.3,35.89,25.723,NA,3.976,NA,-3.013,1.561
18,1,19,591.228,286.105,0,172.3,43.557,32.366,NA,7.667,NA,-17.447,-14.434
19,1,20,597.706,283.806,0,176.7,50.431,38.55,NA,6.874,NA,-19.537,-2.089
20,1,21,610.455,279.417,0,181.6,63.914,51.229,NA,13.483,NA,-18.997,0.54
21,1,22,620.695,276.7,0,151.5,74.509,61.599,NA,10.595,NA,-14.859,4.138
22,1,23,629.891,276.073,0,147.9,83.726,70.816,NA,9.217,NA,-3.9,10.958
23,1,24,640.34,273.566,0,166.8,94.472,81.436,NA,10.746,NA,-13.496,-9.595
24,1,25,653.855,273.496,0,135,107.986,94.906,NA,13.515,NA,-0.295,13.2
25,1,26,661.657,273.775,0,159.7,115.794,102.665,NA,7.807,NA,2.045,2.341
26,1,27,670.574,273.496,0,158.3,124.715,111.58,NA,8.921,NA,-1.79,-3.835
27,1,28,676.147,272.381,0,181.6,130.398,117.218,NA,5.683,NA,-11.31,-9.52
28,1,29,685.621,276.561,0,173.5,140.753,126.449,NA,10.355,NA,23.806,35.116
29,1,30,698.717,276.84,0,192.9,153.853,139.53,NA,13.1,NA,1.219,-22.587
30,1,31,703.176,278.79,0,188.8,158.719,143.942,NA,4.866,NA,23.629,22.411
31,1,32,710.699,284.085,0,178.3,167.919,151.476,NA,9.2,NA,35.134,11.505
32,1,33,716.272,285.478,0,172.5,173.664,157.081,NA,5.745,NA,14.036,-21.098
33,1,34,720.452,287.707,0,181.8,178.401,161.335,NA,4.737,NA,28.072,14.036
34,1,35,727.976,289.379,0,169.1,186.108,168.927,NA,7.707,NA,12.529,-15.544
35,1,36,735.499,289.936,0,152.6,193.652,176.469,NA,7.544,NA,4.236,-8.292
36,1,37,740.236,288.822,0,173,198.518,181.149,NA,4.866,NA,-13.241,-17.477
37,1,38,746.645,287.707,0,165,205.024,187.51,NA,6.505,NA,-9.866,3.375
38,1,39,751.661,282.97,0,186.7,211.923,192.418,NA,6.899,NA,-43.363,-33.498
39,2,2,606.484,285.896,0,162.7,0,0,NA,NA,NA,NA,NA
40,2,3,608.156,285.896,0,185,1.672,1.672,NA,1.672,NA,0,NA
41,2,4,608.992,285.896,0,184,2.508,2.508,NA,0.836,NA,0,0
42,2,5,608.992,285.896,0,153.7,2.508,2.508,NA,0,NA,0,0
43,2,6,609.828,285.06,0,138.3,3.69,3.447,NA,1.182,NA,-45,-45
44,2,7,612.336,282.552,0,177,7.237,6.74,NA,3.547,NA,-45,0
45,2,8,614.843,282.552,0,174.8,9.745,9.003,NA,2.508,NA,0,45
46,2,9,614.843,283.806,0,127.8,10.999,8.617,NA,1.254,NA,90,90
47,2,10,616.515,283.806,0,130.4,12.67,10.247,NA,1.672,NA,0,-90
48,2,11,618.187,284.642,0,135.4,14.54,11.77,NA,1.869,NA,26.565,26.565
49,2,12,620.695,285.478,0,153.8,17.183,14.217,NA,2.644,NA,18.435,-8.13
50,2,13,623.203,285.896,0,134.8,19.726,16.719,NA,2.542,NA,9.462,-8.973
51,2,14,626.965,285.896,0,149,23.487,20.481,NA,3.762,NA,0,-9.462
52,2,15,632.816,285.896,0,162.4,29.339,26.333,NA,5.852,NA,0,0
53,2,16,634.07,283.388,0,167.4,32.143,27.7,NA,2.804,NA,-63.435,-63.435
54,2,17,637.414,282.552,0,164.2,35.59,31.11,NA,3.447,NA,-14.036,49.399
55,2,18,644.102,284.224,0,162.9,42.483,37.655,NA,6.893,NA,14.036,28.072
56,2,19,653.297,283.388,0,174.7,51.717,46.88,NA,9.233,NA,-5.194,-19.231
57,2,20,654.133,285.896,0,167.8,54.36,47.649,NA,2.644,NA,71.565,76.759
58,2,21,654.551,285.896,0,167.5,54.778,48.067,NA,0.418,NA,0,-71.565
59,2,22,657.477,285.896,0,169.8,57.704,50.993,NA,2.926,NA,0,0
60,2,23,663.747,281.716,0,171.2,65.239,57.415,NA,7.535,NA,-33.69,-33.69
61,2,24,671.27,279.626,0,160.8,73.047,65.089,NA,7.808,NA,-15.524,18.166
62,2,25,682.138,277.118,0,170.1,84.2,76.161,NA,11.153,NA,-12.995,2.529
63,2,26,690.079,277.118,0,153.8,92.142,84.055,NA,7.942,NA,0,12.995
64,2,27,697.185,275.865,0,148.2,99.357,91.254,NA,7.215,NA,-10.008,-10.008
65,2,28,707.216,276.282,0,142.1,109.398,101.19,NA,10.04,NA,2.386,12.394
66,2,29,716.412,277.536,0,137.2,118.678,110.245,NA,9.281,NA,7.765,5.379
67,2,30,730.205,280.88,0,161.7,132.871,123.823,NA,14.193,NA,13.627,5.862
68,2,31,740.236,283.388,0,151.2,143.211,133.776,NA,10.34,NA,14.036,0.409
69,2,32,748.596,287.568,0,127.1,152.557,142.122,NA,9.346,NA,26.565,12.529
70,2,33,756.955,289.24,0,182.8,161.082,150.509,NA,8.525,NA,11.31,-15.255
71,2,34,761.135,290.912,0,159.6,165.584,154.733,NA,4.502,NA,21.801,10.491
72,2,35,765.315,291.33,0,126,169.785,158.924,NA,4.201,NA,5.711,-16.091
73,2,36,772.003,291.33,0,124.2,176.472,165.608,NA,6.688,NA,0,-5.711
74,2,37,777.018,291.33,0,134.8,181.488,170.621,NA,5.016,NA,0,0
75,2,38,778.69,290.494,0,93.2,183.357,172.268,NA,1.869,NA,-26.565,-26.565
76,2,39,782.034,288.822,0,164.2,187.096,175.575,NA,3.738,NA,-26.565,0
77,3,1,587.675,235.321,0,143.7,0,0,NA,NA,NA,NA,NA
78,3,2,588.929,235.321,0,15.8,1.254,1.254,NA,1.254,NA,0,NA
79,3,3,590.183,232.813,0,20.2,4.058,3.547,NA,2.804,NA,-63.435,-63.435
80,3,4,590.601,231.559,0,11.4,5.38,4.766,NA,1.322,NA,-71.565,-8.13
81,3,5,591.019,227.379,0,140.2,9.58,8.617,NA,4.201,NA,-84.289,-12.724
82,3,6,591.437,226.125,0,16.5,10.902,9.935,NA,1.322,NA,-71.565,12.724
83,3,7,592.273,225.707,0,35.7,11.837,10.656,NA,0.935,NA,-26.565,45
84,3,8,593.109,226.543,0,35.5,13.019,10.323,NA,1.182,NA,45,71.565
85,3,9,594.363,228.215,0,49.7,15.109,9.758,NA,2.09,NA,53.13,8.13
86,3,10,594.781,231.141,0,13,18.064,8.244,NA,2.956,NA,81.87,28.74
87,3,11,596.035,234.067,0,125.5,21.247,8.453,NA,3.183,NA,66.801,-15.068
88,3,12,598.542,239.083,0,20.7,26.855,11.5,NA,5.608,NA,63.435,-3.366
89,3,13,601.468,242.008,0,110.1,30.993,15.329,NA,4.138,NA,45,-18.435
90,3,14,604.812,245.352,0,105.2,35.722,19.857,NA,4.729,NA,45,0
91,3,15,610.246,245.352,0,160.4,41.155,24.7,NA,5.434,NA,0,-45
92,3,16,617.351,245.352,0,18.4,48.261,31.326,NA,7.106,NA,0,0
93,3,17,626.547,241.59,0,28.5,58.196,39.374,NA,9.935,NA,-22.249,-22.249
94,3,18,637.414,239.501,0,81.5,69.263,49.915,NA,11.067,NA,-10.886,11.363
95,3,19,642.848,235.739,0,125.5,75.872,55.174,NA,6.609,NA,-34.695,-23.81
96,3,20,652.461,230.305,0,94.1,86.914,64.98,NA,11.043,NA,-29.476,5.219
97,3,21,659.149,224.871,0,130.1,95.531,72.234,NA,8.617,NA,-39.094,-9.618
98,3,22,662.911,223.199,0,147.1,99.648,76.206,NA,4.117,NA,-23.962,15.131
99,3,23,671.688,219.856,0,152.2,109.041,85.425,NA,9.393,NA,-20.854,3.108
100,3,24,677.54,218.184,0,155.7,115.126,91.484,NA,6.086,NA,-15.945,4.909
101,3,25,685.899,215.258,0,137.5,123.983,100.253,NA,8.857,NA,-19.29,-3.345
102,3,26,690.915,215.258,0,136,128.999,105.172,NA,5.016,NA,0,19.29
103,3,27,696.349,216.512,0,36.8,134.575,110.29,NA,5.577,NA,12.995,12.995
104,3,28,704.29,217.348,0,94.9,142.561,117.992,NA,7.985,NA,6.009,-6.986
105,3,29,709.724,219.856,0,141.7,148.545,123.025,NA,5.985,NA,24.775,18.766
106,3,30,714.74,222.781,0,137.5,154.352,127.682,NA,5.807,NA,30.256,5.481
107,3,31,721.009,226.543,0,103.2,161.664,133.623,NA,7.312,NA,30.964,0.707
108,3,32,728.533,229.469,0,108.9,169.736,140.98,NA,8.072,NA,21.251,-9.713
109,3,33,736.475,231.141,0,134.8,177.852,148.858,NA,8.116,NA,11.889,-9.362
110,3,34,741.072,232.395,0,91.5,182.617,153.425,NA,4.766,NA,15.255,3.366
111,3,35,747.76,232.395,0,99.7,189.305,160.112,NA,6.688,NA,0,-15.255
112,3,36,751.94,232.395,0,34.4,193.485,164.291,NA,4.18,NA,0,0
113,3,37,757.791,229.887,0,87,199.851,170.203,NA,6.366,NA,-23.199,-23.199
