Nr,TID,PID,x [cm],y [cm],t [sec],I [val],Len [cm],D2S [cm],D2R [cm],D2P [cm],v [cm/sec],? [deg],?? [deg]
1,1,1,570.206,290.279,0,160.4,0,0,NA,NA,NA,NA,NA
2,1,2,570.206,290.279,0,165.3,0,0,NA,0,NA,0,NA
3,1,3,568.912,290.71,0,171.3,1.364,1.364,NA,1.364,NA,161.565,161.565
4,1,4,568.481,290.71,0,167.6,1.795,1.778,NA,0.431,NA,180,18.435
5,1,5,568.481,290.71,0,161.9,1.795,1.778,NA,0,NA,0,-180
6,1,6,566.324,290.71,0,160.6,3.952,3.906,NA,2.157,NA,180,180
7,1,7,565.677,289.848,0,160.6,5.03,4.549,NA,1.078,NA,-126.87,53.13
8,1,8,563.089,288.122,0,164.2,8.14,7.436,NA,3.11,NA,-146.31,-19.44
9,1,9,559.207,286.181,0,168.5,12.481,11.737,NA,4.34,NA,-153.435,-7.125
10,1,10,557.266,284.672,0,175.6,14.939,14.102,NA,2.459,NA,-142.125,11.31
11,1,11,555.11,282.946,0,162.8,17.701,16.783,NA,2.762,NA,-141.34,0.785
12,1,12,553.6,283.378,0,155.8,19.271,17.983,NA,1.57,NA,164.055,-54.605
13,1,13,551.875,283.809,0,160.5,21.05,19.439,NA,1.778,NA,165.964,1.909
14,1,14,548.424,285.75,0,161.8,25.009,22.248,NA,3.959,NA,150.642,-15.322
15,1,15,542.817,289.848,0,177.8,31.953,27.392,NA,6.945,NA,143.842,-6.8
16,1,16,538.288,294.376,0,154.9,38.358,32.18,NA,6.405,NA,135,-8.842
17,1,17,536.132,296.749,0,141.1,41.564,34.683,NA,3.206,NA,132.274,-2.726
18,1,18,534.191,296.102,0,164.8,43.61,36.483,NA,2.046,NA,-161.565,66.161
19,1,19,530.956,295.239,0,159.2,46.958,39.562,NA,3.348,NA,-165.069,-3.504
20,1,20,525.996,294.808,0,159.2,51.937,44.442,NA,4.979,NA,-175.03,-9.962
21,1,21,519.526,293.514,0,192.3,58.535,50.783,NA,6.598,NA,-168.69,6.34
22,1,22,516.507,293.514,0,188.4,61.554,53.797,NA,3.019,NA,180,-11.31
23,1,23,513.056,291.788,0,175.7,65.412,57.17,NA,3.858,NA,-153.435,26.565
24,1,24,510.684,290.279,0,153.7,68.224,59.522,NA,2.812,NA,-147.529,5.906
25,1,25,505.292,288.554,0,162.1,73.885,64.937,NA,5.661,NA,-162.255,-14.727
26,1,26,500.116,287.691,0,174.8,79.132,70.137,NA,5.247,NA,-170.538,-8.282
27,1,27,492.784,284.456,0,177.1,87.146,77.641,NA,8.014,NA,-156.194,14.344
28,1,28,485.883,281.005,0,170.7,94.862,84.832,NA,7.716,NA,-153.435,2.759
29,1,29,481.785,279.065,0,177.8,99.396,89.129,NA,4.534,NA,-154.654,-1.219
30,1,30,477.903,275.83,0,192,104.449,93.427,NA,5.053,NA,-140.194,14.459
31,1,31,473.159,280.143,0,180.6,110.861,97.575,NA,6.412,NA,137.726,-82.079
32,1,32,464.82,289.416,0,137.5,123.332,105.39,NA,12.471,NA,131.963,-5.764
33,1,33,461.657,289.416,0,175.8,126.495,108.552,NA,3.163,NA,180,48.037
34,1,34,459.932,289.416,0,162.9,128.221,110.278,NA,1.725,NA,180,0
35,1,35,457.631,288.841,0,184.2,130.592,112.584,NA,2.371,NA,-165.964,14.036
36,1,36,455.331,287.978,0,189.8,133.049,114.898,NA,2.457,NA,-159.444,6.52
37,1,37,453.606,287.978,0,185,134.774,116.623,NA,1.725,NA,180,-20.556
38,1,38,453.318,287.978,0,164.4,135.062,116.911,NA,0.288,NA,180,0
39,1,39,452.455,287.116,0,167.2,136.282,117.793,NA,1.22,NA,-135,45
40,1,40,451.305,286.541,0,175.8,137.567,118.96,NA,1.286,NA,-153.435,-18.435
41,1,41,450.443,286.541,0,168.5,138.43,119.822,NA,0.863,NA,180,-26.565
42,2,1,621.533,295.455,0,149.9,0,0,NA,NA,NA,NA,NA
43,2,2,621.533,295.455,0,149.9,0,0,NA,0,NA,0,NA
44,2,3,621.246,295.455,0,132.6,0.288,0.288,NA,0.288,NA,180,180
45,2,4,620.383,295.455,0,133.9,1.15,1.15,NA,0.863,NA,180,0
46,2,5,618.945,295.167,0,154.9,2.616,2.604,NA,1.466,NA,-168.69,11.31
47,2,6,617.22,294.88,0,149.1,4.365,4.351,NA,1.749,NA,-170.538,-1.848
48,2,7,615.207,294.017,0,136.4,6.555,6.487,NA,2.19,NA,-156.801,13.736
49,2,8,611.469,294.017,0,89.8,10.293,10.166,NA,3.738,NA,180,-23.199
50,2,9,609.169,292.292,0,109.6,13.169,12.763,NA,2.875,NA,-143.13,36.87
51,2,10,605.718,289.416,0,126.8,17.661,16.929,NA,4.492,NA,-140.194,2.936
52,2,11,604.568,288.554,0,125.9,19.098,18.315,NA,1.438,NA,-143.13,-2.936
53,2,12,603.418,288.554,0,152.5,20.249,19.385,NA,1.15,NA,180,-36.87
54,2,13,601.692,289.416,0,141.9,22.177,20.739,NA,1.929,NA,153.435,-26.565
55,2,14,599.967,290.279,0,162.8,24.106,22.178,NA,1.929,NA,153.435,0
56,2,15,597.954,292.004,0,168.6,26.757,23.83,NA,2.651,NA,139.399,-14.036
57,2,16,597.667,294.88,0,158.1,29.647,23.873,NA,2.89,NA,95.711,-43.688
58,2,17,597.667,296.317,0,176.7,31.085,23.882,NA,1.438,NA,90,-5.711
59,2,18,594.504,297.18,0,127.9,34.364,27.084,NA,3.279,NA,164.745,74.745
60,2,19,591.916,297.468,0,148.8,36.967,29.686,NA,2.604,NA,173.66,8.915
61,2,20,588.753,298.043,0,175.7,40.182,32.882,NA,3.215,NA,169.695,-3.965
62,2,21,582.714,298.33,0,183.1,46.228,38.925,NA,6.045,NA,177.274,7.579
63,2,22,576.101,298.618,0,189.8,52.847,45.542,NA,6.62,NA,177.51,0.237
64,2,23,569.775,298.043,0,167.4,59.2,51.823,NA,6.352,NA,-174.806,7.684
65,2,24,560.286,295.742,0,134,68.963,61.248,NA,9.764,NA,-166.373,8.433
66,2,25,553.672,295.167,0,91,75.602,67.862,NA,6.639,NA,-175.03,-8.657
67,2,26,546.483,289.416,0,137.3,84.808,75.292,NA,9.206,NA,-141.34,33.69
68,2,27,538.432,288.266,0,139.6,92.941,83.411,NA,8.133,NA,-171.87,-30.53
69,2,28,530.956,288.266,0,147.7,100.417,90.862,NA,7.476,NA,180,-8.13
70,2,29,526.355,290.279,0,169.8,105.439,95.319,NA,5.022,NA,156.371,-23.629
71,2,30,519.166,293.154,0,153.8,113.182,102.393,NA,7.742,NA,158.199,1.828
72,2,31,512.265,296.03,0,155.1,120.658,109.269,NA,7.476,NA,157.38,-0.818
73,2,32,505.652,296.03,0,149.1,127.271,115.883,NA,6.614,NA,180,22.62
74,2,33,501.626,295.455,0,140.9,131.338,119.907,NA,4.067,NA,-171.87,8.13
75,2,34,498.751,295.742,0,150.9,134.228,122.783,NA,2.89,NA,174.289,-13.841
76,2,35,494.725,296.317,0,145.8,138.294,126.811,NA,4.067,NA,171.87,-2.42
77,2,36,492.425,296.892,0,154.9,140.665,129.117,NA,2.371,NA,165.964,-5.906
78,2,37,488.686,293.729,0,148.9,145.562,132.858,NA,4.897,NA,-139.764,54.273
79,3,1,600.398,245.853,0,138.3,0,0,NA,NA,NA,NA,NA
80,3,2,599.967,246.715,0,45.3,0.964,0.964,NA,0.964,NA,116.565,NA
81,3,3,599.967,245.853,0,95.2,1.827,0.431,NA,0.863,NA,-90,153.435
82,3,4,599.536,244.99,0,67.3,2.792,1.22,NA,0.964,NA,-116.565,-26.565
83,3,5,598.673,243.696,0,6.9,4.347,2.762,NA,1.555,NA,-123.69,-7.125
84,3,6,596.948,241.54,0,14.7,7.109,5.524,NA,2.762,NA,-128.66,-4.97
85,3,7,595.223,238.52,0,14.8,10.586,8.975,NA,3.477,NA,-119.745,8.915
86,3,8,593.497,233.345,0,161.4,16.042,14.286,NA,5.456,NA,-108.435,11.31
87,3,9,591.341,232.482,0,101.7,18.364,16.15,NA,2.323,NA,-158.199,-49.764
88,3,10,590.047,232.051,0,112.5,19.728,17.253,NA,1.364,NA,-161.565,-3.366
89,3,11,589.184,232.482,0,18.1,20.693,17.451,NA,0.964,NA,153.435,-45
90,3,12,587.459,233.345,0,43.1,22.622,17.997,NA,1.929,NA,153.435,0
91,3,13,585.302,235.501,0,49.5,25.672,18.304,NA,3.05,NA,135,-18.435
92,3,14,583.146,238.52,0,16.1,29.382,18.746,NA,3.71,NA,125.538,-9.462
93,3,15,580.126,241.971,0,14.1,33.967,20.64,NA,4.585,NA,131.186,5.648
94,3,16,577.538,245.853,0,37.1,38.633,22.86,NA,4.665,NA,123.69,-7.496
95,3,17,575.382,249.303,0,76.5,42.702,25.253,NA,4.069,NA,122.005,-1.685
96,3,18,570.637,251.46,0,35.7,47.913,30.285,NA,5.212,NA,155.556,33.551
97,3,19,565.893,252.323,0,59.1,52.736,35.107,NA,4.822,NA,169.695,14.139
98,3,20,560.717,252.323,0,73.1,57.911,40.205,NA,5.176,NA,180,10.305
99,3,21,554.678,251.029,0,105.6,64.087,46.012,NA,6.176,NA,-167.905,12.095
100,3,22,549.071,248.872,0,62.2,70.095,51.416,NA,6.008,NA,-158.962,8.943
101,3,23,542.17,247.147,0,96.5,77.208,58.243,NA,7.114,NA,-165.964,-7.001
102,3,24,537.857,245.853,0,82.1,81.711,62.542,NA,4.503,NA,-163.301,2.663
103,3,25,530.525,244.99,0,114.7,89.094,69.879,NA,7.383,NA,-173.29,-9.989
104,3,26,527.074,244.128,0,117.2,92.651,73.345,NA,3.557,NA,-165.964,7.326
105,3,27,522.329,243.696,0,18.2,97.415,78.099,NA,4.764,NA,-174.806,-8.842
106,3,28,519.31,243.696,0,29,100.434,81.117,NA,3.019,NA,180,-5.194
107,3,29,514.134,245.422,0,4.9,105.89,86.265,NA,5.456,NA,161.565,-18.435
108,3,30,511.115,247.147,0,52.5,109.368,89.293,NA,3.477,NA,150.255,-11.31
109,3,31,505.508,250.597,0,33.3,115.951,95.009,NA,6.584,NA,148.392,-1.863
110,3,32,501.195,254.479,0,17.3,121.754,99.578,NA,5.803,NA,138.013,-10.38
111,3,33,496.45,256.205,0,15.9,126.803,104.462,NA,5.048,NA,160.017,22.004
112,3,34,493,257.498,0,17.3,130.488,108.028,NA,3.685,NA,159.444,-0.573
113,3,35,489.118,259.224,0,59.2,134.736,112.081,NA,4.248,NA,156.038,-3.406
114,3,36,484.805,260.518,0,4.6,139.239,116.52,NA,4.503,NA,163.301,7.263
115,3,37,481.354,261.38,0,35.8,142.796,120.053,NA,3.557,NA,165.964,2.663
