Nr,TID,PID,x [cm],y [cm],t [sec],I [val],Len [cm],D2S [cm],D2R [cm],D2P [cm],v [cm/sec],α [deg],Δα [deg]
1,1,1,667.371,338.943,0,17.3,0,0,NA,NA,NA,NA,NA
2,1,2,668.266,337.153,0,25.4,2.001,2.001,NA,2.001,NA,-63.435,NA
3,1,3,667.371,337.153,0,24.1,2.896,1.79,NA,0.895,NA,180,-116.565
4,1,4,667.371,338.943,0,15.6,4.686,0,NA,1.79,NA,90,-90
5,1,5,668.713,338.943,0,18.8,6.028,1.342,NA,1.342,NA,0,-90
6,1,6,668.713,337.153,0,25.4,7.818,2.237,NA,1.79,NA,-90,-90
7,1,7,667.818,337.601,0,20.8,8.818,1.415,NA,1.001,NA,153.435,-116.565
8,1,8,668.266,337.601,0,20.8,9.266,1.613,NA,0.447,NA,0,-153.435
9,1,9,666.923,338.495,0,17.3,10.879,0.633,NA,1.613,NA,146.31,146.31
10,1,10,668.266,338.048,0,20.8,12.294,1.266,NA,1.415,NA,-18.435,-164.745
11,1,11,666.923,338.495,0,17.3,13.709,0.633,NA,1.415,NA,161.565,180
12,1,12,666.923,340.285,0,13.8,15.499,1.415,NA,1.79,NA,90,-71.565
13,1,13,666.476,340.285,0,13.8,15.946,1.613,NA,0.447,NA,180,90
14,1,14,666.923,340.285,0,13.8,16.394,1.415,NA,0.447,NA,0,-180
15,1,15,668.266,340.285,0,16.2,17.736,1.613,NA,1.342,NA,0,0
16,1,16,667.371,340.733,0,13.8,18.737,1.79,NA,1.001,NA,153.435,153.435
17,1,17,667.371,340.733,0,13.8,18.737,1.79,NA,0,NA,0,-153.435
18,1,18,667.371,339.838,0,17.3,19.632,0.895,NA,0.895,NA,-90,-90
19,1,19,668.713,339.39,0,19.8,21.047,1.415,NA,1.415,NA,-18.435,71.565
20,1,20,667.371,341.18,0,13.8,23.284,2.237,NA,2.237,NA,126.87,145.305
21,1,21,668.713,341.18,0,14.8,24.626,2.609,NA,1.342,NA,0,-126.87
22,1,22,668.713,339.838,0,19.5,25.968,1.613,NA,1.342,NA,-90,-90
23,1,23,670.055,339.39,0,20.8,27.383,2.722,NA,1.415,NA,-18.435,71.565
24,1,24,671.398,339.39,0,23.2,28.726,4.052,NA,1.342,NA,0,18.435
25,1,25,670.95,338.943,0,22.2,29.359,3.58,NA,0.633,NA,-135,-135
26,1,26,671.845,336.706,0,27.8,31.768,5.003,NA,2.41,NA,-68.199,66.801
27,1,27,672.74,336.706,0,32.4,32.663,5.817,NA,0.895,NA,0,68.199
28,1,28,675.872,336.706,0,26.7,35.795,8.791,NA,3.132,NA,0,0
29,1,29,679.899,335.811,0,26.5,39.92,12.914,NA,4.125,NA,-12.529,-12.529
30,1,30,683.926,335.363,0,23.3,43.972,16.938,NA,4.052,NA,-6.34,6.189
31,1,31,683.926,334.021,0,30.1,45.315,17.272,NA,1.342,NA,-90,-83.66
32,1,32,687.953,332.679,0,28.1,49.56,21.515,NA,4.245,NA,-18.435,71.565
33,1,33,691.086,332.231,0,31,52.723,24.646,NA,3.164,NA,-8.13,10.305
34,1,34,693.77,333.574,0,27.9,55.725,26.94,NA,3.002,NA,26.565,34.695
35,1,35,699.587,334.468,0,32.2,61.61,32.526,NA,5.885,NA,8.746,-17.819
36,1,36,703.167,336.258,0,30.8,65.612,35.896,NA,4.002,NA,26.565,17.819
37,1,37,707.194,339.838,0,30.1,71,39.833,NA,5.388,NA,41.634,15.068
38,1,38,711.668,345.207,0,34.5,77.99,44.738,NA,6.989,NA,50.194,8.561
39,1,39,716.143,348.787,0,31.6,83.72,49.755,NA,5.73,NA,38.66,-11.535
40,1,40,721.96,349.682,0,15.9,89.605,55.635,NA,5.885,NA,8.746,-29.914
41,1,41,727.329,348.339,0,20.6,95.14,60.69,NA,5.535,NA,-14.036,-22.782
42,1,42,732.698,348.339,0,2.9,100.509,66,NA,5.369,NA,0,14.036
43,1,43,735.831,345.207,0,27.7,104.939,68.746,NA,4.43,NA,-45,-45
44,2,1,716.59,340.733,0,16.9,0,0,NA,NA,NA,NA,NA
45,2,2,716.59,339.39,0,18.6,1.342,1.342,NA,1.342,NA,-90,NA
46,2,3,717.038,338.943,0,18.6,1.975,1.845,NA,0.633,NA,-45,45
47,2,4,716.59,339.838,0,18.2,2.976,0.895,NA,1.001,NA,116.565,161.565
48,2,5,717.038,339.838,0,18.2,3.423,1.001,NA,0.447,NA,0,-116.565
49,2,6,719.275,340.285,0,10.4,5.705,2.722,NA,2.282,NA,11.31,11.31
50,2,7,716.143,340.285,0,16.9,8.837,0.633,NA,3.132,NA,180,168.69
51,2,8,716.143,338.943,0,20.8,10.179,1.845,NA,1.342,NA,-90,90
52,2,9,717.485,340.733,0,18.2,12.416,0.895,NA,2.237,NA,53.13,143.13
53,2,10,717.038,339.838,0,21.8,13.417,1.001,NA,1.001,NA,-116.565,-169.695
54,2,11,716.59,339.39,0,21.8,14.05,1.342,NA,0.633,NA,-135,-18.435
55,2,12,717.933,340.733,0,20.8,15.948,1.342,NA,1.898,NA,45,180
56,2,13,719.275,340.733,0,9.3,17.29,2.685,NA,1.342,NA,0,-45
57,2,14,717.933,340.285,0,20.8,18.705,1.415,NA,1.415,NA,-161.565,-161.565
58,2,15,717.485,339.39,0,18.2,19.706,1.613,NA,1.001,NA,-116.565,45
59,2,16,717.038,339.838,0,21.8,20.339,1.001,NA,0.633,NA,135,-108.435
60,2,17,717.485,340.733,0,20.8,21.339,0.895,NA,1.001,NA,63.435,-71.565
61,2,18,716.143,341.18,0,18.2,22.754,0.633,NA,1.415,NA,161.565,98.13
62,2,19,716.59,342.075,0,18.2,23.755,1.342,NA,1.001,NA,63.435,-98.13
63,2,20,716.59,342.97,0,19.6,24.65,2.237,NA,0.895,NA,90,26.565
64,2,21,718.827,343.417,0,15.1,26.931,3.495,NA,2.282,NA,11.31,-78.69
65,2,22,717.933,342.97,0,20.6,27.932,2.609,NA,1.001,NA,-153.435,-164.745
66,2,23,718.827,341.628,0,23.1,29.545,2.41,NA,1.613,NA,-56.31,97.125
67,2,24,718.827,342.075,0,21.9,29.992,2.609,NA,0.447,NA,90,146.31
68,2,25,720.617,341.628,0,32.2,31.837,4.125,NA,1.845,NA,-14.036,-104.036
69,2,26,722.855,340.733,0,21.7,34.247,6.264,NA,2.41,NA,-21.801,-7.765
70,2,27,726.882,339.838,0,101.3,38.372,10.33,NA,4.125,NA,-12.529,9.273
71,2,28,727.776,339.838,0,27.9,39.267,11.222,NA,0.895,NA,0,12.529
72,2,29,733.146,338.495,0,31.4,44.802,16.706,NA,5.535,NA,-14.036,-14.036
73,2,30,740.752,331.784,0,74.6,54.946,25.766,NA,10.144,NA,-41.424,-27.387
74,2,31,744.332,328.204,0,20.6,60.008,30.44,NA,5.062,NA,-45,-3.576
75,2,32,748.807,325.967,0,28.9,65.011,35.439,NA,5.003,NA,-26.565,18.435
76,2,33,751.491,329.546,0,15.9,69.486,36.65,NA,4.474,NA,53.13,79.695
77,2,34,753.729,329.994,0,13.4,71.767,38.66,NA,2.282,NA,11.31,-41.82
78,2,35,755.071,334.468,0,21.9,76.439,38.987,NA,4.672,NA,73.301,61.991
79,2,36,760.44,338.495,0,31.4,83.15,43.907,NA,6.712,NA,36.87,-36.431
80,2,37,765.362,343.865,0,27.7,90.434,48.872,NA,7.284,NA,47.49,10.62
81,2,38,768.942,346.997,0,16.3,95.191,52.725,NA,4.756,NA,41.186,-6.304
82,2,39,778.338,343.865,0,18.4,105.095,61.827,NA,9.905,NA,-18.435,-59.621
83,2,40,786.392,342.075,0,16.3,113.346,69.815,NA,8.251,NA,-12.529,5.906
84,2,41,792.209,342.97,0,31.6,119.231,75.652,NA,5.885,NA,8.746,21.275
85,2,42,799.368,346.102,0,36.1,127.046,82.952,NA,7.814,NA,23.629,14.883
86,2,43,802.053,347.444,0,34.4,130.047,85.726,NA,3.002,NA,26.565,2.936
87,2,44,806.528,348.787,0,29.3,134.719,90.297,NA,4.672,NA,16.699,-9.866
88,3,1,691.086,265.114,0,108.9,0,0,NA,NA,NA,NA,NA
89,3,2,691.086,265.561,0,128.9,0.447,0.447,NA,0.447,NA,90,NA
90,3,3,691.086,266.904,0,128.5,1.79,1.79,NA,1.342,NA,90,0
91,3,4,691.086,266.009,0,105.4,2.685,0.895,NA,0.895,NA,-90,-180
92,3,5,691.533,266.009,0,117.4,3.132,1.001,NA,0.447,NA,0,90
93,3,6,691.086,266.456,0,136.5,3.765,1.342,NA,0.633,NA,135,135
94,3,7,691.533,267.351,0,136.7,4.765,2.282,NA,1.001,NA,63.435,-71.565
95,3,8,691.98,267.351,0,191.6,5.213,2.41,NA,0.447,NA,0,-63.435
96,3,9,691.533,266.456,0,134.2,6.213,1.415,NA,1.001,NA,-116.565,-116.565
97,3,10,691.98,267.351,0,191.6,7.214,2.41,NA,1.001,NA,63.435,180
98,3,11,690.638,267.798,0,142.4,8.629,2.722,NA,1.415,NA,161.565,98.13
99,3,12,691.086,268.246,0,141.4,9.262,3.132,NA,0.633,NA,45,-116.565
100,3,13,691.533,269.141,0,169.6,10.262,4.052,NA,1.001,NA,63.435,18.435
101,3,14,691.086,268.693,0,136.8,10.895,3.58,NA,0.633,NA,-135,161.565
102,3,15,691.533,268.693,0,134.2,11.342,3.607,NA,0.447,NA,0,135
103,3,16,691.98,268.693,0,190.4,11.79,3.69,NA,0.447,NA,0,0
104,3,17,690.638,270.483,0,174.4,14.027,5.388,NA,2.237,NA,126.87,126.87
105,3,18,691.98,270.483,0,169.7,15.37,5.443,NA,1.342,NA,0,-126.87
106,3,19,692.875,270.931,0,166.3,16.37,6.086,NA,1.001,NA,26.565,26.565
107,3,20,692.875,270.931,0,163.8,16.37,6.086,NA,0,NA,0,-26.565
108,3,21,692.875,271.378,0,150.9,16.818,6.515,NA,0.447,NA,90,90
109,3,22,693.77,272.72,0,176.4,18.431,8.067,NA,1.613,NA,56.31,-33.69
110,3,23,695.56,272.72,0,192.5,20.221,8.825,NA,1.79,NA,0,-56.31
111,3,24,696.008,273.168,0,201.3,20.853,9.439,NA,0.633,NA,45,45
112,3,25,697.797,273.168,0,180.3,22.643,10.484,NA,1.79,NA,0,-45
113,3,26,699.587,271.826,0,136.6,24.88,10.832,NA,2.237,NA,-36.87,-36.87
114,3,27,701.824,270.931,0,160.1,27.29,12.213,NA,2.41,NA,-21.801,15.068
115,3,28,704.957,268.246,0,154.2,31.415,14.22,NA,4.125,NA,-40.601,-18.8
116,3,29,706.746,267.351,0,100.4,33.416,15.82,NA,2.001,NA,-26.565,14.036
117,3,30,711.221,266.904,0,170.7,37.913,20.215,NA,4.497,NA,-5.711,20.854
118,3,31,714.8,266.904,0,179.7,41.493,23.782,NA,3.58,NA,0,5.711
119,3,32,718.38,268.693,0,126.5,45.495,27.528,NA,4.002,NA,26.565,26.565
120,3,33,722.407,271.378,0,151.8,50.335,31.942,NA,4.84,NA,33.69,7.125
121,3,34,725.539,275.405,0,163.5,55.436,35.958,NA,5.102,NA,52.125,18.435
122,3,35,729.119,279.88,0,133,61.167,40.799,NA,5.73,NA,51.34,-0.785
123,3,36,734.041,282.117,0,165.7,66.573,46.198,NA,5.407,NA,24.444,-26.896
124,3,37,738.515,284.354,0,9.7,71.576,51.184,NA,5.003,NA,26.565,2.121
125,3,38,746.122,285.249,0,122.8,79.235,58.604,NA,7.659,NA,6.71,-19.855
126,3,39,755.071,285.249,0,161.4,88.184,67.079,NA,8.949,NA,0,-6.71
127,3,40,767.599,283.907,0,165.6,100.784,78.788,NA,12.6,NA,-6.116,-6.116
128,3,41,776.101,283.012,0,50.8,109.333,86.879,NA,8.549,NA,-6.009,0.106
129,3,42,790.867,280.774,0,141.7,124.267,101.003,NA,14.934,NA,-8.616,-2.607
130,3,43,803.843,277.195,0,166.3,137.728,113.403,NA,13.461,NA,-15.422,-6.807
131,3,44,813.687,272.273,0,162.4,148.734,122.81,NA,11.006,NA,-26.565,-11.143
