Nr,TID,PID,x [cm],y [cm],t [sec],I [val],Len [cm],D2S [cm],D2R [cm],D2P [cm],v [cm/sec],? [deg],?? [deg]
1,1,1,617.374,329.836,0,23.9,0,0,NA,NA,NA,NA,NA
2,1,2,617.374,329.836,0,23.9,0,0,NA,0,NA,0,NA
3,1,3,618.689,331.589,0,20.8,2.192,2.192,NA,2.192,NA,53.13,53.13
4,1,4,618.251,331.589,0,20.8,2.63,1.96,NA,0.438,NA,180,126.87
5,1,5,618.251,331.589,0,20.8,2.63,1.96,NA,0,NA,0,-180
6,1,6,619.566,331.589,0,20.8,3.945,2.807,NA,1.315,NA,0,0
7,1,7,619.566,331.589,0,20.8,3.945,2.807,NA,0,NA,0,0
8,1,8,619.566,331.589,0,20.8,3.945,2.807,NA,0,NA,0,0
9,1,9,619.566,331.589,0,20.8,3.945,2.807,NA,0,NA,0,0
10,1,10,621.319,331.589,0,20.5,5.698,4.317,NA,1.753,NA,0,0
11,1,11,623.949,329.398,0,22.7,9.122,6.589,NA,3.423,NA,-39.806,-39.806
12,1,12,625.264,329.398,0,21.7,10.437,7.902,NA,1.315,NA,0,39.806
13,1,13,627.894,328.083,0,28.9,13.377,10.665,NA,2.94,NA,-26.565,-26.565
14,1,14,630.086,327.645,0,25.6,15.612,12.899,NA,2.235,NA,-11.31,15.255
15,1,15,634.031,326.33,0,22.1,19.77,17.021,NA,4.158,NA,-18.435,-7.125
16,1,16,637.099,324.138,0,26.7,23.541,20.531,NA,3.771,NA,-35.538,-17.103
17,1,17,640.167,322.823,0,32.4,26.879,23.847,NA,3.338,NA,-23.199,12.339
18,1,18,644.112,326.768,0,15.1,32.458,26.913,NA,5.579,NA,45,68.199
19,1,19,646.742,327.645,0,31,35.23,29.449,NA,2.772,NA,18.435,-26.565
20,1,20,650.248,329.836,0,31,39.365,32.874,NA,4.135,NA,32.005,13.57
21,1,21,652.44,331.589,0,28.5,42.172,35.109,NA,2.807,NA,38.66,6.654
22,1,22,658.138,332.904,0,25.3,48.02,40.879,NA,5.848,NA,12.995,-25.665
23,1,23,662.083,330.274,0,23.4,52.761,44.711,NA,4.741,NA,-33.69,-46.685
24,1,24,673.918,329.836,0,25.3,64.604,56.543,NA,11.843,NA,-2.121,31.569
25,1,25,677.863,329.836,0,20.5,68.548,60.488,NA,3.945,NA,0,2.121
26,1,26,686.191,329.836,0,25.5,76.877,68.816,NA,8.328,NA,0,0
27,1,27,694.957,328.083,0,29.3,85.817,77.603,NA,8.94,NA,-11.31,-11.31
28,1,28,699.34,329.836,0,23.4,90.537,81.966,NA,4.721,NA,21.801,33.111
29,1,29,705.039,329.836,0,20.4,96.236,87.664,NA,5.698,NA,0,-21.801
30,1,30,716.435,328.96,0,32.7,107.666,99.064,NA,11.43,NA,-4.399,-4.399
31,1,31,724.763,326.768,0,9.2,116.277,107.432,NA,8.612,NA,-14.744,-10.345
32,1,32,742.296,318.878,0,28.9,135.503,125.401,NA,19.226,NA,-24.228,-9.484
33,1,33,751.939,316.687,0,47.7,145.392,135.205,NA,9.889,NA,-12.804,11.423
34,1,34,768.595,317.125,0,23.7,162.054,151.754,NA,16.662,NA,1.507,14.312
35,1,35,775.608,319.316,0,19.4,169.402,158.583,NA,7.348,NA,17.354,15.847
36,1,36,781.306,321.07,0,8.4,175.364,164.166,NA,5.962,NA,17.103,-0.251
37,1,37,790.073,323.7,0,22.6,184.516,172.807,NA,9.152,NA,16.699,-0.403
38,1,38,798.839,321.07,0,27.6,193.669,181.676,NA,9.152,NA,-16.699,-33.398
39,1,39,808.044,320.631,0,13.7,202.884,190.891,NA,9.215,NA,-2.726,13.973
40,1,40,815.057,321.07,0,11.6,209.91,197.877,NA,7.027,NA,3.576,6.303
41,1,41,823.166,330.713,0,28.4,222.51,205.793,NA,12.599,NA,49.939,46.363
42,1,42,825.796,332.028,0,14.6,225.45,208.433,NA,2.94,NA,26.565,-23.374
43,1,43,833.028,333.343,0,28.8,232.801,215.682,NA,7.351,NA,10.305,-16.26
44,2,1,664.713,328.74,0,24,0,0,NA,NA,NA,NA,NA
45,2,2,664.713,328.74,0,25,0,0,NA,0,NA,0,NA
46,2,3,664.713,328.74,0,24,0,0,NA,0,NA,0,0
47,2,4,664.713,328.74,0,21.5,0,0,NA,0,NA,0,0
48,2,5,666.028,328.74,0,23.9,1.315,1.315,NA,1.315,NA,0,0
49,2,6,666.028,328.74,0,23.9,1.315,1.315,NA,0,NA,0,0
50,2,7,666.028,328.74,0,23.9,1.315,1.315,NA,0,NA,0,0
51,2,8,666.685,328.74,0,23.3,1.972,1.972,NA,0.657,NA,0,0
52,2,9,666.685,328.74,0,21.9,1.972,1.972,NA,0,NA,0,0
53,2,10,668.658,328.74,0,24.3,3.945,3.945,NA,1.972,NA,0,0
54,2,11,671.288,328.083,0,29.7,6.656,6.608,NA,2.711,NA,-14.036,-14.036
55,2,12,671.945,328.083,0,20.9,7.313,7.262,NA,0.657,NA,0,14.036
56,2,13,677.863,328.083,0,20.5,13.231,13.166,NA,5.917,NA,0,0
57,2,14,681.15,322.166,0,20.7,20,17.703,NA,6.769,NA,-60.945,-60.945
58,2,15,685.752,322.166,0,20.8,24.602,22.043,NA,4.602,NA,0,60.945
59,2,16,693.642,322.166,0,23,32.492,29.667,NA,7.89,NA,0,0
60,2,17,696.93,324.138,0,14.9,36.326,32.544,NA,3.834,NA,30.964,30.964
61,2,18,700.874,329.398,0,23.2,42.9,36.167,NA,6.575,NA,53.13,22.166
62,2,19,706.792,330.713,0,22,48.962,42.125,NA,6.062,NA,12.529,-40.601
63,2,20,708.764,332.028,0,10.6,51.333,44.174,NA,2.371,NA,33.69,21.161
64,2,21,715.997,333.343,0,20.6,58.684,51.49,NA,7.351,NA,10.305,-23.385
65,2,22,721.256,333.343,0,35.7,63.943,56.73,NA,5.26,NA,0,-10.305
66,2,23,729.804,332.685,0,26.7,72.516,65.21,NA,8.572,NA,-4.399,-4.399
67,2,24,735.063,330.713,0,23.8,78.133,70.378,NA,5.618,NA,-20.556,-16.157
68,2,25,742.296,330.713,0,22.1,85.366,77.608,NA,7.232,NA,0,20.556
69,2,26,748.213,331.37,0,23,91.319,83.541,NA,5.954,NA,6.34,6.34
70,2,27,749.528,334,0,24.1,94.26,84.978,NA,2.94,NA,63.435,57.095
71,2,28,753.473,335.315,0,20.5,98.418,89.003,NA,4.158,NA,18.435,-45
72,2,29,759.39,332.028,0,21.9,105.187,94.734,NA,6.769,NA,-29.055,-47.49
73,2,30,762.02,332.028,0,31.3,107.817,97.363,NA,2.63,NA,0,29.055
74,2,31,764.65,331.37,0,18.2,110.528,99.972,NA,2.711,NA,-14.036,-14.036
75,2,32,771.225,330.055,0,18.8,117.233,106.52,NA,6.705,NA,-11.31,2.726
76,2,33,775.17,327.425,0,18.8,121.974,110.465,NA,4.741,NA,-33.69,-22.38
77,2,34,782.402,327.425,0,13.7,129.206,117.696,NA,7.232,NA,0,33.69
78,2,37,811.989,321.508,0,25.4,159.379,147.453,NA,30.173,NA,-11.31,-11.31
79,2,38,829.741,320.193,0,56.6,177.18,165.249,NA,17.801,NA,-4.236,7.074
80,2,39,835.001,320.851,0,17.5,182.48,170.47,NA,5.301,NA,7.125,11.361
81,2,40,851.438,322.166,0,29.2,198.97,186.84,NA,16.49,NA,4.574,-2.551
82,2,41,863.272,324.795,0,0.8,211.093,198.598,NA,12.123,NA,12.529,7.955
83,2,42,867.875,325.453,0,10.1,215.742,203.188,NA,4.649,NA,8.13,-4.399
84,2,43,879.709,333.343,0,12.8,229.966,215.045,NA,14.223,NA,33.69,25.56
85,3,1,645.427,263.211,0,170.5,0,0,NA,NA,NA,NA,NA
86,3,2,645.427,263.211,0,180.8,0,0,NA,0,NA,0,NA
87,3,3,645.427,263.211,0,194,0,0,NA,0,NA,0,0
88,3,4,646.742,263.211,0,180.3,1.315,1.315,NA,1.315,NA,0,0
89,3,5,647.619,264.088,0,188.3,2.555,2.36,NA,1.24,NA,45,45
90,3,6,649.372,264.526,0,191.1,4.362,4.158,NA,1.807,NA,14.036,-30.964
91,3,7,649.372,264.526,0,178.5,4.362,4.158,NA,0,NA,0,-14.036
92,3,8,650.248,264.526,0,164.5,5.239,4.998,NA,0.877,NA,0,0
93,3,9,652.002,264.965,0,168.5,7.046,6.805,NA,1.807,NA,14.036,14.036
94,3,10,652.878,265.841,0,148.6,8.286,7.902,NA,1.24,NA,45,30.964
95,3,11,654.632,264.526,0,185.5,10.477,9.298,NA,2.192,NA,-36.87,-81.87
96,3,12,656.385,262.335,0,203.2,13.284,10.993,NA,2.807,NA,-51.34,-14.47
97,3,13,658.138,262.335,0,133.6,15.037,12.741,NA,1.753,NA,0,51.34
98,3,14,661.645,262.335,0,105.3,18.544,16.242,NA,3.507,NA,0,0
99,3,15,663.398,263.65,0,25,20.735,17.976,NA,2.192,NA,36.87,36.87
100,3,16,665.151,264.965,0,69.1,22.927,19.802,NA,2.192,NA,36.87,0
101,3,17,667.343,267.595,0,98.6,26.35,22.35,NA,3.423,NA,50.194,13.325
102,3,18,669.973,270.225,0,156.5,30.07,25.528,NA,3.719,NA,45,-5.194
103,3,19,673.041,274.608,0,138.3,35.42,29.873,NA,5.35,NA,55.008,10.008
104,3,20,675.671,276.361,0,166.1,38.581,32.979,NA,3.161,NA,33.69,-21.318
105,3,21,682.246,279.429,0,171.6,45.836,40.232,NA,7.255,NA,25.017,-8.673
106,3,22,689.697,278.991,0,183.5,53.301,46.999,NA,7.464,NA,-3.366,-28.383
107,3,23,698.025,278.553,0,96.3,61.64,54.79,NA,8.34,NA,-3.013,0.354
108,3,24,709.422,275.923,0,167.2,73.336,65.245,NA,11.696,NA,-12.995,-9.982
109,3,25,718.626,274.169,0,77.7,82.706,74.015,NA,9.37,NA,-10.784,2.21
110,3,26,727.831,269.786,0,159.3,92.901,82.666,NA,10.195,NA,-25.463,-14.679
111,3,27,738.789,264.088,0,120.7,105.252,93.366,NA,12.351,NA,-27.474,-2.011
112,3,28,748.871,261.02,0,148.7,115.79,103.467,NA,10.538,NA,-16.928,10.547
113,3,29,757.199,257.952,0,150.6,124.666,111.895,NA,8.875,NA,-20.225,-3.297
114,3,30,766.842,252.692,0,155.3,135.65,121.87,NA,10.984,NA,-28.61,-8.386
115,3,31,776.923,246.555,0,166.2,147.452,132.547,NA,11.802,NA,-31.329,-2.718
116,3,32,782.621,241.295,0,59.2,155.207,138.934,NA,7.755,NA,-42.709,-11.381
117,3,33,789.634,238.227,0,43.6,162.862,146.356,NA,7.655,NA,-23.629,19.08
118,3,34,797.524,233.844,0,31,171.887,154.906,NA,9.026,NA,-29.055,-5.425
119,3,35,808.92,232.529,0,36.5,183.359,166.348,NA,11.472,NA,-6.582,22.473
120,3,36,817.249,230.776,0,28.9,191.87,174.856,NA,8.511,NA,-11.889,-5.307
121,3,37,823.166,230.776,0,24.2,197.787,180.674,NA,5.917,NA,0,11.889
122,3,38,832.371,233.406,0,26.5,207.36,189.305,NA,9.573,NA,15.945,15.945
123,3,39,841.575,236.693,0,100.9,217.134,197.933,NA,9.774,NA,19.654,3.708
124,3,40,845.52,238.666,0,18.2,221.545,201.593,NA,4.411,NA,26.565,6.911
125,3,41,850.78,242.61,0,23.9,228.12,206.384,NA,6.575,NA,36.87,10.305
126,3,42,859.985,250.5,0,27.7,240.243,214.934,NA,12.123,NA,40.601,3.731
